3               # of polyhedrons

4               # of vertices
8 5 3 1 1 1     # X Y Z R GB
11 5 5 0 0 1
10 10 3 0 1 0
8 7 6 1 0 0
4               # number of triangles
0 1 2          # V1 V2 V3
0 3 1
0 2 3
1 3 2


4
3 3 3 1 1 1
3.879 2.729 3.391 0 0 1
3.391 3.879 2.729 0 1 0
2.729 3.391 3.879 1 0 0
4              # number of triangles
0 1 2          # V1 V2 V3
0 3 1
0 2 3
1 3 2


4
-0.138 0.101 0.13 0 0 1
0.74 -0.304 -0.125 1 1 1
0.22 1.011 -0.079 1 0 0
0.179 0.193 1.074 0 1 0
4                   # number of triangles
0 1 2               # V1 V2 V3
0 3 1
0 2 3
1 3 2
